5
5
10
5
1
0 0.97 0.21 0.65 0.63 0.87 0.82 0.0042 0.82 0.22 0.033 0.36 0.21 0.41 0.37 0.76 0.32 0.3 0.37 0.69 0.99 0.16 0.47 0.52 0.55 0.12 0.34 0.62 0.13 0.49 0.47 0.83 0.96 0.95 0.2 0.34 0.26 1 0.12 0.72 0.76 0.48 0.98 0.26 0.4 0.73 0.016 0.23 0.13 0.1 0.82 0.2 0.53 0.44 0.73 0.18 0.089 0.23 0.84 0.63 0.8 0.023 0.51 0.99 0.049 0.83 0.67 0.062 0.34 0.095 0.61 0.6 0.9 0.0067 0.63 0.59 0.68 0.63 0.3 0.59 0.78 0.75 0.54 0.51 0.85 0.79 0.46 0.35 0.46 0.8 0.062 0.11 0.045 0.83 0.76 0.47 0.34 0.63 0.79 0.55 0.95 0.15 0.55 0.14 0.052 0.57 0.9 0.89 0.69 0.5 0.34 0.76 0.78 0.033 0.41 0.23 0.37 0.24 0.85 0.64 0.073 0.88 0.12 0.99 0.31 0.8 0.78 0.83 0.39 0.91 0.15 0.3 0.83 0.19 0.11 0.091 0.2 0.5 0.071 0.48 0.69 0.74 0.15 0.95 0.76 0.27 0.7 0.76 0.15 0.83 0.034 0.95 0.47 0.044 0.53 0.0051 0.72 0.86 0.037 0.92 0.93 0.76 0.74 0.59 0.39 0.28 0.36 0.49 0.47 0.62 0.88 0.47 0.62 0.8 0.64 0.65 0.51 0.32 0.12 0.28 0.93 0.63 0.031 0.45 0.38 0.41 0.21 0.63 0.021 0.97 0.91 0.85 0.83 0.79 0.95 0.5 0.66 0.51 0.28 0.65 0.16 0.32 0.44 0.74 0.083 0.15 0.66 0.61 0.006 0.56 0.76 0.74 0.07 0.75 0.77 0.61 0.66 0.61 0.47 0.16 0.64 0.12 0.69 0.032 0.13 0.16 0.59 0.87 0.37 0.0019 0.74 0.18 0.72 0.51 0.28 0.97 0.32 0.29 0.93 0.88 0.35 0.9 0.13 0.87 0.62 0.34 0.087 0.17 0.34 0.83
0.97 0 0.056 0.63 0.66 0.33 0.55 0.16 0.014 0.53 0.85 0.34 0.87 0.91 0.53 0.96 0.76 0.62 0.33 0.59 0.23 0.77 0.094 0.79 0.8 0.81 0.13 0.2 0.27 0.55 0.73 0.15 0.6 0.77 0.1 0.9 0.8 0.66 0.59 0.19 0.83 0.14 0.36 0.29 0.2 0.41 0.36 0.15 0.021 0.63 0.94 0.84 0.39 0.15 0.7 0.94 0.8 0.24 0.084 0.021 0.38 0.59 0.33 0.85 0.79 0.66 0.15 0.58 0.45 0.18 0.81 0.38 0.088 0.72 0.13 0.94 0.017 0.73 0.83 0.21 0.43 0.029 0.85 0.74 1 0.031 0.2 0.24 0.91 0.71 0.71 0.42 0.94 0.68 0.47 0.87 0.38 0.27 0.14 0.07 0.67 0.0099 0.12 0.26 0.44 0.54 0.59 0.25 0.67 0.11 0.43 0.84 0.063 0.86 0.21 0.062 0.94 0.039 0.95 0.85 0.89 0.27 0.15 0.27 0.61 0.11 0.59 0.063 0.042 0.89 0.44 0.56 0.16 0.3 0.33 0.64 0.69 0.41 0.57 0.97 0.14 0.83 0.6 0.065 0.14 0.68 0.58 0.39 0.74 0.84 0.23 0.21 0.61 0.48 0.92 0.19 0.73 0.14 0.059 0.58 0.57 0.37 0.82 0.0087 0.26 0.22 0.15 0.62 0.83 0.67 0.31 0.65 0.086 0.21 0.63 0.17 0.056 0.59 0.93 0.085 0.58 0.12 0.2 0.072 0.13 0.44 0.98 0.63 0.26 0.13 0.16 0.85 0.94 0.051 0.42 0.16 0.99 0.98 0.22 0.56 0.97 0.18 0.45 0.58 0.8 0.57 0.78 0.72 0.35 0.21 0.63 0.27 0.31 0.61 0.93 0.44 0.65 0.8 0.66 0.78 0.84 0.41 0.066 0.59 0.26 0.83 0.84 0.55 0.034 0.82 0.059 0.12 0.4 0.36 0.056 0.88 0.25 0.3 0.16 0.57 0.71 0.7 0.45 0.88 0.43 0.061 0.43 0.62 0.54 0.71
0.21 0.056 0 0.73 0.63 0.74 0.38 0.87 0.78 0.82 0.14 0.054 0.48 0.71 0.017 0.11 0.24 0.56 0.12 0.57 0.42 0.036 0.8 0.81 0.86 0.99 0.74 0.59 0.59 0.091 0.26 0.57 0.18 0.31 0.87 0.35 0.95 0.93 0.45 0.55 0.69 0.029 0.93 0.44 0.038 0.99 0.87 0.73 0.14 0.047 0.92 0.86 0.85 0.45 0.5 0.69 0.99 0.22 0.57 0.62 0.9 0.1 0.028 0.15 0.98 0.63 0.51 0.069 0.3 0.98 0.082 0.02 0.89 0.49 0.67 0.81 0.096 0.53 0.7 0.14 0.32 0.61 0.77 0.2 0.63 0.4 0.87 0.64 0.65 0.54 0.93 0.55 0.055 0.93 0.21 0.88 0.17 0.35 0.39 0.88 1 0.17 0.75 0.079 0.21 0.95 0.4 0.34 0.3 0.61 0.89 0.53 0.55 0.16 0.19 0.26 0.97 0.49 0.41 0.42 0.84 0.3 0.1 0.77 0.11 0.7 0.69 0.37 0.15 0.44 0.8 0.15 0.16 0.4 0.97 0.44 0.76 0.3 0.65 0.65 0.098 0.2 0.82 0.93 0.91 0.76 0.23 0.12 0.87 0.94 0.64 0.7 0.79 0.95 0.9 0.11 0.88 0.18 0.37 0.12 0.65 0.042 0.56 0.66 0.68 0.24 0.29 0.72 0.94 0.61 0.52 0.75 0.69 0.89 0.93 0.34 0.72 0.63 0.48 0.28 0.12 0.66 0.13 0.045 0.059 0.15 0.67 0.77 0.98 0.83 0.21 0.58 0.63 0.46 0.017 0.62 0.24 0.92 0.28 0.43 0.44 0.077 0.6 0.057 0.076 0.95 0.67 0.61 0.63 0.16 0.064 0.62 0.28 0.21 0.46 0.93 0.46 0.67 0.28 0.37 0.79 0.72 0.16 0.053 0.37 0.16 0.065 0.62 0.29 0.32 0.55 0.024 0.2 0.081 0.037 0.4 0.032 0.3 0.53 0.53 0.52 0.86 0.62 0.46 0.71 0.78 0.26 0.75 0.082 0.47
0.65 0.63 0.73 0 0.15 0.94 0.47 0.62 0.25 0.79 0.4 0.73 0.12 0.65 0.062 0.97 0.73 0.82 0.47 0.14 0.51 1 0.12 0.52 0.037 0.8 0.59 0.43 0.34 0.49 0.53 0.25 0.18 0.78 0.32 0.66 0.22 0.92 0.98 0.91 0.5 0.92 0.57 0.96 0.12 0.14 0.58 0.073 0.5 0.07 0.78 0.95 0.22 0.5 0.67 0.84 0.74 0.99 0.31 0.73 0.93 0.83 0.64 0.13 0.9 0.22 0.84 0.48 0.94 0.14 0.04 0.66 0.98 0.49 0.97 0.76 0.54 0.9 0.65 0.47 0.55 0.92 0.93 0.34 0.9 0.94 0.81 0.15 0.21 0.63 0.43 0.74 0.63 1 0.75 0.61 0.15 0.17 0.58 0.36 0.34 0.85 0.17 0.6 0.8 0.47 0.99 0.21 0.4 0.15 0.85 0.68 0.62 0.42 0.0023 0.3 0.83 0.78 0.44 0.99 0.085 0.098 0.97 0.64 0.22 0.92 0.32 0.52 0.67 0.65 0.76 0.88 0.93 0.71 0.66 0.083 0.07 0.7 0.32 0.56 0.24 0.52 0.54 0.85 0.47 0.53 0.36 0.98 0.79 0.86 0.24 0.56 0.99 0.72 0.25 0.72 0.011 0.94 0.6 0.35 0.24 0.55 0.9 0.75 0.78 0.78 0.57 0.15 0.97 0.96 0.89 0.19 0.13 0.049 0.86 0.81 0.89 0.13 0.66 0.7 0.12 0.46 0.67 0.73 0.62 0.72 0.86 0.47 0.83 0.78 0.63 0.24 0.66 0.72 0.78 0.86 0.49 0.51 0.78 0.49 0.68 0.92 0.95 0.65 0.66 0.17 0.75 0.027 0.72 0.98 0.83 0.91 0.67 0.23 0.99 0.011 0.66 0.21 0.68 0.51 0.053 0.59 0.23 0.007 0.79 0.87 0.47 0.27 0.18 0.78 0.91 0.44 0.43 0.14 0.00058 0.66 0.98 0.75 0.89 0.64 0.8 0.77 0.074 0.24 0.85 0.25 0.22 0.56 0.87 0.24
0.63 0.66 0.63 0.15 0 0.86 0.63 0.58 0.92 0.99 0.099 0.49 0.63 0.33 0.15 0.5 0.86 0.37 0.99 0.48 0.13 0.85 0.059 0.75 0.017 0.8 0.43 0.024 0.082 0.89 0.45 0.56 0.013 0.16 0.22 0.017 0.72 0.83 0.76 0.83 0.73 0.29 0.63 0.66 0.55 0.98 0.87 0.66 0.45 0.38 0.81 0.11 0.27 0.57 0.88 0.17 0.65 0.72 0.84 0.31 0.41 0.04 0.49 0.28 0.39 0.41 0.47 0.9 0.52 0.33 0.0038 0.78 0.39 0.28 0.39 0.24 0.071 0.34 0.94 0.37 0.63 0.9 0.2 0.64 0.86 0.52 0.29 0.96 0.71 0.72 0.97 0.62 0.15 0.59 0.44 0.98 0.68 0.34 0.43 0.34 0.38 0.33 0.61 0.91 0.65 0.92 0.78 0.19 0.54 0.6 0.015 0.87 0.9 0.7 0.13 0.41 0.093 0.34 0.63 0.38 0.67 0.62 0.59 0.91 0.6 0.87 0.54 0.17 0.59 0.089 0.92 0.23 0.96 0.14 0.98 0.26 0.71 0.93 0.9 0.52 0.23 0.24 0.93 0.96 0.15 0.33 0.23 0.81 0.09 0.95 0.37 0.22 0.4 0.032 0.091 0.22 0.99 0.49 0.2 0.92 0.21 0.6 0.38 0.44 0.82 0.3 0.7 0.37 0.14 0.79 0.49 0.26 0.28 0.011 0.66 0.95 0.71 0.092 0.77 0.25 0.86 0.56 0.17 0.81 0.21 0.36 0.56 0.58 0.42 0.36 0.97 0.79 0.065 0.59 0.92 0.9 0.43 0.66 0.47 0.34 0.93 0.81 0.95 0.45 0.78 0.96 0.34 0.67 0.28 0.11 0.68 0.17 0.33 0.64 0.82 0.0016 0.76 0.77 0.7 0.067 0.93 0.66 0.57 0.9 0.068 0.54 0.3 0.59 0.16 0.34 0.17 0.78 0.47 0.041 0.32 0.2 0.71 0.4 0.25 0.51 0.98 0.26 0.57 0.049 0.33 0.97 0.27 0.17 0.18 0.22
0.87 0.33 0.74 0.94 0.86 0 0.92 0.79 0.43 0.84 0.86 0.89 0.54 0.74 0.95 0.47 0.29 0.76 0.84 0.84 0.56 0.34 0.32 0.62 0.94 0.94 0.86 0.38 0.35 0.21 0.68 0.39 0.59 0.59 0.64 0.24 0.95 0.45 0.23 0.88 0.77 0.64 0.87 0.93 0.22 0.25 0.94 0.58 0.022 0.59 0.67 0.21 0.42 0.32 0.32 0.87 0.26 0.45 0.76 0.71 0.32 0.42 0.92 0.72 0.75 0.82 0.2 0.65 0.99 0.98 0.35 0.52 0.69 0.09 0.78 0.73 0.24 0.9 1 0.97 0.44 0.81 1 0.094 0.66 0.41 0.33 0.13 0.38 0.1 0.71 0.47 0.22 0.1 0.84 0.62 0.36 0.27 0.37 0.38 0.61 0.11 0.61 0.9 0.84 0.49 0.93 0.52 0.15 0.31 0.52 0.72 0.54 0.66 0.33 0.24 0.29 0.78 0.027 0.62 0.88 0.34 0.62 0.17 0.8 0.28 0.66 0.68 0.88 0.84 0.73 0.94 0.54 0.91 0.021 0.26 0.77 0.43 0.82 0.065 0.89 0.89 0.54 0.94 0.24 0.68 0.33 0.91 0.74 0.42 0.75 0.59 0.29 0.89 0.58 0.83 0.22 0.74 0.25 0.54 0.65 0.69 0.011 0.37 0.91 0.26 0.25 0.85 0.94 0.78 0.092 0.67 0.82 0.81 0.78 0.78 0.35 0.67 0.81 0.93 0.85 0.073 0.5 0.31 0.0089 0.75 0.81 0.024 0.035 0.061 0.15 0.85 0.95 0.29 0.11 0.24 0.26 0.79 0.61 0.97 0.72 0.67 0.56 0.17 0.7 0.052 0.58 0.42 0.58 0.73 0.74 0.62 0.85 0.28 0.91 0.1 0.36 0.22 0.69 0.84 0.21 0.59 0.54 0.3 0.96 0.35 0.086 0.66 0.51 0.94 0.078 0.95 0.39 0.54 0.18 0.91 0.7 0.35 0.96 0.062 0.56 0.24 0.24 0.86 0.39 0.35 0.28 0.3 0.58 0.87
0.82 0.55 0.38 0.47 0.63 0.92 0 0.76 0.92 0.11 0.47 0.27 0.63 0.74 0.9 0.13 0.26 0.034 0.9 0.29 0.14 0.13 0.11 0.07 0.79 0.39 0.23 0.59 0.95 0.83 0.85 0.61 0.048 0.52 0.38 0.58 0.27 0.79 0.54 0.73 0.4 0.53 0.61 0.82 0.59 0.29 0.24 0.61 0.2 0.57 0.66 0.52 0.94 0.012 0.36 0.51 0.23 0.76 1 0.79 0.36 0.81 0.49 0.27 0.11 0.69 0.26 0.43 0.43 0.036 0.36 0.45 0.98 0.63 0.72 0.36 0.95 0.49 0.93 0.047 0.18 0.28 1 0.73 0.75 0.04 0.56 0.94 0.19 0.18 0.75 0.56 0.58 0.86 0.39 0.83 0.51 0.77 0.63 0.082 0.2 0.26 0.76 0.92 0.87 0.022 0.27 0.7 0.55 0.14 0.84 0.11 0.44 0.74 0.46 0.5 0.036 0.11 0.27 0.94 0.15 0.47 0.35 0.52 0.95 0.23 0.036 0.043 0.24 0.034 0.95 0.48 0.059 0.32 0.43 0.31 0.84 0.69 0.53 0.3 0.23 0.94 0.11 0.63 0.71 0.91 0.37 0.1 0.27 0.028 0.32 0.25 0.13 0.81 0.46 0.97 0.84 0.065 0.22 0.81 0.82 0.15 0.42 0.2 0.5 0.96 0.34 0.95 0.16 0.038 0.53 0.28 0.87 0.51 0.16 0.59 0.31 0.18 0.85 0.45 0.98 0.5 0.84 0.77 0.67 0.81 0.5 0.87 0.64 0.44 1 0.19 0.32 0.2 0.068 0.49 0.04 0.86 0.75 0.32 0.64 0.88 0.11 0.43 0.38 0.36 0.69 0.14 0.045 0.33 0.79 0.094 0.69 0.16 0.21 0.57 0.87 0.48 0.69 0.82 0.78 0.31 0.72 0.42 0.32 0.68 0.66 0.24 0.25 0.58 0.19 0.04 0.63 0.42 0.85 0.19 0.7 0.91 0.69 0.58 0.27 0.55 0.87 0.27 0.99 0.51 0.12 0.86 0.32 0.24
0.0042 0.16 0.87 0.62 0.58 0.79 0.76 0 0.032 0.089 0.72 0.56 1 0.87 0.93 0.48 0.77 0.0084 0.73 0.61 0.49 0.91 0.012 0.29 0.16 0.63 0.81 0.5 0.42 0.36 0.88 0.44 0.54 0.87 0.48 0.99 0.52 0.99 0.16 0.91 0.29 0.59 0.94 0.97 0.75 0.067 0.82 0.91 0.75 0.00012 0.083 0.31 0.75 0.89 0.19 0.52 0.2 0.52 0.71 0.34 0.42 0.088 0.27 0.0091 0.039 0.41 0.8 0.93 0.66 0.51 0.085 0.73 0.032 0.91 0.97 0.23 0.15 0.71 0.15 0.66 0.72 0.082 0.97 0.99 0.35 0.06 0.092 0.53 0.91 0.26 0.44 0.6 0.53 0.54 0.4 0.66 0.39 0.099 0.62 0.59 0.069 0.094 0.28 0.34 0.59 0.27 0.35 0.93 0.68 0.64 0.64 0.85 0.58 0.78 0.085 0.84 0.95 0.7 0.2 0.17 0.035 0.91 0.065 0.3 0.86 0.64 0.75 0.21 0.38 0.78 0.64 0.095 0.54 0.58 0.49 0.77 0.088 0.56 0.68 0.57 0.083 0.86 0.54 0.0081 0.041 0.26 0.13 0.97 0.49 0.21 0.52 0.69 0.074 0.17 0.69 0.42 0.78 0.46 0.32 0.89 0.61 0.96 0.59 0.52 0.16 0.95 0.98 0.47 0.43 0.34 0.57 0.55 0.39 0.53 0.61 0.053 0.56 0.37 0.86 0.36 0.22 0.17 0.56 0.73 0.32 0.44 0.43 0.8 0.98 0.24 0.66 0.32 0.43 0.81 0.24 0.81 0.3 0.37 0.54 0.3 0.29 0.79 0.65 0.2 0.91 0.96 0.17 0.32 0.4 0.59 0.058 0.96 0.62 0.32 0.41 0.36 0.85 0.74 0.47 0.21 0.4 0.38 0.84 0.55 0.98 0.13 0.37 0.84 0.6 0.15 0.52 0.53 0.14 0.78 0.62 0.73 0.23 0.63 0.047 0.54 0.59 0.077 0.52 0.56 0.49 0.52 0.66 0.039 0.52 0.74
0.82 0.014 0.78 0.25 0.92 0.43 0.92 0.032 0 0.98 0.32 0.29 0.42 0.45 1 0.2 0.42 0.82 0.39 0.99 0.74 0.75 0.82 0.22 0.83 0.18 0.27 0.24 0.16 0.62 0.87 0.95 0.63 0.1 0.91 0.9 0.84 0.43 0.64 0.96 0.81 0.2 0.72 0.15 0.075 0.64 0.53 0.78 0.79 0.43 0.13 0.69 0.76 0.65 0.24 0.57 0.097 0.057 0.84 0.087 0.34 0.78 0.85 0.065 0.7 0.67 0.63 0.2 0.45 0.37 0.44 0.6 0.92 0.38 0.89 0.78 0.2 0.065 0.39 0.22 0.029 0.11 0.66 0.19 0.99 0.13 0.28 0.98 0.41 0.036 0.38 0.21 0.097 0.96 0.45 0.33 0.41 0.12 0.26 0.017 0.72 0.68 0.13 0.62 0.75 0.8 0.21 0.26 0.81 0.93 0.25 0.78 0.59 0.76 0.45 0.25 0.37 0.64 0.82 0.047 0.26 0.92 0.75 0.32 0.54 0.12 0.021 0.89 0.53 0.4 0.26 0.27 0.16 0.083 0.79 0.014 0.59 0.78 0.99 0.94 0.079 0.95 0.16 0.52 0.57 0.34 0.91 0.93 0.98 0.18 0.16 0.14 0.78 0.53 0.68 0.43 0.91 0.76 0.34 0.69 0.5 0.47 0.96 0.16 0.44 0.82 0.92 0.54 0.42 0.67 0.43 0.47 0.34 0.4 0.61 0.26 0.72 0.83 0.35 0.57 0.058 0.25 1 0.42 0.76 0.74 0.84 0.8 0.63 0.9 0.58 0.46 0.38 0.32 0.63 0.14 0.36 0.68 0.42 0.73 0.86 0.86 0.63 0.77 0.089 0.056 0.47 0.61 0.46 0.25 0.98 0.79 0.015 0.91 0.43 0.8 0.66 0.44 0.78 0.015 0.25 0.092 0.32 0.7 0.93 0.99 0.43 1 0.93 0.98 0.61 0.92 0.18 0.75 0.62 0.045 0.96 0.25 0.032 0.99 0.86 0.63 0.91 0.47 0.4 0.74 0.98 0.014 0.59 0.56
0.22 0.53 0.82 0.79 0.99 0.84 0.11 0.089 0.98 0 0.98 0.9 0.5 0.43 0.55 0.68 0.54 0.54 0.44 0.75 0.26 0.55 0.19 0.22 0.34 0.78 0.31 0.77 0.74 0.83 0.98 0.54 0.63 0.051 0.17 0.81 0.94 0.85 0.57 0.55 0.3 0.064 0.81 0.59 0.25 0.53 0.68 0.49 0.26 0.052 0.62 0.72 0.65 0.78 0.29 0.5 0.9 0.44 0.54 0.71 0.41 0.18 0.41 0.24 0.17 0.62 0.69 0.25 0.49 0.87 0.5 0.68 0.22 0.93 0.56 0.49 0.54 0.55 0.49 0.95 0.81 0.65 0.87 0.51 0.55 0.58 0.43 0.43 0.14 0.21 0.043 0.92 0.062 0.21 0.84 0.82 0.5 0.48 0.31 0.55 0.078 0.98 0.53 0.46 0.43 0.19 0.41 0.28 0.56 0.15 0.19 0.71 0.54 0.5 0.97 0.0056 0.56 0.37 0.56 0.47 0.94 0.65 0.45 0.72 0.97 0.38 0.17 0.8 0.33 0.8 0.76 0.72 0.89 0.89 0.77 0.74 0.66 0.89 0.45 0.93 0.66 0.57 0.41 0.17 0.48 0.77 0.62 0.37 0.45 0.14 0.0033 0.83 0.87 0.32 0.32 0.72 0.56 0.66 0.71 0.48 0.99 0.77 0.69 0.071 0.26 0.83 0.79 0.14 0.29 0.11 0.69 0.69 0.32 0.53 0.15 0.53 0.31 0.69 0.42 0.039 0.12 0.38 0.51 0.55 0.15 0.82 0.093 0.82 0.41 0.56 0.2 0.94 0.51 0.63 0.67 0.18 0.69 0.57 0.52 0.052 0.37 0.98 0.033 0.096 0.23 0.31 0.85 0.75 0.37 0.49 0.87 0.75 0.65 0.13 0.24 0.39 0.65 0.77 0.14 0.17 0.26 0.11 0.75 0.039 0.53 0.64 0.14 0.93 0.82 0.41 0.32 0.66 0.61 0.62 0.29 0.95 0.18 0.72 0.33 0.58 0.63 0.47 0.4 0.5 0.28 0.95 0.75 0.95 0.9 0.84
0.033 0.85 0.14 0.4 0.099 0.86 0.47 0.72 0.32 0.98 0 0.72 0.24 0.99 0.9 0.91 0.43 0.39 0.093 0.49 0.45 0.47 0.17 0.96 0.94 0.36 0.23 0.18 0.36 0.15 0.098 0.84 0.57 0.75 0.92 0.32 0.59 0.37 0.93 1 0.57 0.09 0.72 0.012 0.76 0.67 0.025 0.62 0.53 0.043 0.32 0.98 0.18 0.59 0.22 0.6 0.63 0.63 0.0053 0.33 0.68 0.27 0.31 0.025 0.021 0.04 0.2 0.86 0.57 0.49 0.71 0.36 0.39 0.055 0.14 0.088 0.74 0.49 0.12 0.23 0.55 0.13 0.67 0.79 0.82 0.31 0.44 0.82 0.25 0.099 0.19 0.26 0.58 0.81 0.76 0.93 0.039 0.45 0.67 0.15 0.31 0.31 0.43 0.61 0.32 0.3 0.85 0.94 0.48 0.81 0.34 0.48 0.47 0.95 0.54 0.012 0.38 0.89 0.27 0.59 0.11 0.089 0.057 0.43 0.99 0.23 0.37 0.0087 0.5 0.59 0.73 0.24 0.94 0.7 0.79 0.94 0.075 0.97 0.63 0.45 0.55 0.16 0.39 0.54 0.072 0.43 0.35 0.63 0.11 0.78 0.65 0.31 0.31 0.58 0.9 0.17 0.13 0.12 0.61 0.13 0.063 0.74 0.83 0.059 0.86 0.67 0.0019 0.94 0.12 0.88 0.31 0.41 0.83 0.2 0.5 0.98 0.9 0.17 0.54 0.55 0.58 0.56 0.075 0.77 0.71 0.22 0.067 0.73 0.5 0.22 0.47 0.57 0.17 0.83 0.42 0.47 0.77 0.39 0.83 0.59 0.72 0.5 0.74 0.54 0.43 0.78 0.43 0.77 0.28 0.44 0.59 0.58 0.62 0.98 0.56 0.16 0.96 0.29 0.91 0.27 0.89 0.45 0.47 0.99 0.039 0.44 0.0049 0.23 0.65 0.17 0.54 0.31 0.93 0.95 0.79 0.45 0.79 0.87 0.46 0.29 0.33 0.14 0.03 0.42 0.35 0.93 0.65 0.097 0.5 0.76
0.36 0.34 0.054 0.73 0.49 0.89 0.27 0.56 0.29 0.9 0.72 0 0.83 0.85 0.34 0.87 0.68 0.48 0.68 0.81 0.11 1 0.76 0.49 0.96 0.9 0.55 0.02 0.37 0.64 0.62 0.61 0.43 0.32 0.94 0.85 0.39 0.7 0.16 0.47 0.42 0.59 0.54 0.22 0.25 0.45 0.21 0.7 0.67 0.54 0.87 0.84 0.31 0.35 0.63 0.99 0.43 0.59 0.2 0.13 0.43 0.54 0.88 0.31 0.67 0.052 0.78 0.78 0.25 0.93 0.73 0.82 0.49 0.052 0.085 0.94 0.63 0.92 0.12 0.32 0.57 0.042 0.17 0.085 0.17 0.76 0.088 0.46 0.82 0.98 0.26 0.38 0.94 0.48 0.85 0.43 0.078 0.091 0.33 0.82 0.21 0.55 0.031 0.34 1 0.31 0.9 0.85 0.46 0.071 0.98 0.27 0.031 0.3 0.95 0.75 0.33 0.61 0.23 0.86 0.55 0.1 0.9 0.52 0.9 0.69 0.074 0.57 0.067 0.44 0.8 0.5 0.92 0.9 0.29 0.56 0.62 0.6 0.54 0.51 0.26 0.57 0.97 0.23 0.23 0.025 0.31 0.69 0.44 0.19 0.43 0.27 0.55 0.4 0.073 0.95 0.36 0.32 0.38 0.49 0.58 0.5 0.22 0.026 0.045 0.2 0.045 0.17 0.55 0.56 0.36 0.16 0.58 0.022 0.55 0.045 0.87 0.32 0.18 0.44 0.19 0.7 0.37 0.97 0.29 0.71 0.5 0.74 0.39 0.4 0.87 0.14 0.1 0.1 0.39 0.24 0.28 0.63 0.087 1 0.53 0.22 0.47 0.69 0.011 0.92 0.49 0.72 0.21 0.72 0.24 0.18 0.29 0.24 0.98 0.36 0.77 0.28 0.7 0.59 0.066 0.9 0.95 0.58 0.64 0.46 0.9 0.65 0.36 0.22 0.51 0.038 0.84 0.043 0.76 0.65 0.16 0.68 0.8 0.42 0.012 0.13 0.97 0.74 0.48 0.81 0.48 0.025 0.53 0.76
0.21 0.87 0.48 0.12 0.63 0.54 0.63 1 0.42 0.5 0.24 0.83 0 0.96 0.89 0.54 0.68 0.27 0.047 0.73 0.2 0.097 0.42 0.051 0.94 0.67 0.45 0.26 0.88 0.94 0.23 0.68 0.6 0.81 0.45 0.59 0.9 0.61 0.61 0.55 0.34 0.4 0.69 0.63 0.2 0.35 0.66 0.96 0.5 0.8 0.94 0.44 0.36 0.13 0.36 0.14 0.66 0.22 0.53 0.12 0.99 0.45 0.3 0.24 0.91 0.1 0.29 0.78 0.76 0.21 0.94 0.31 0.64 0.51 0.24 0.66 0.082 0.73 0.58 0.52 0.022 0.76 0.81 0.38 0.39 0.93 0.96 0.46 0.16 0.097 0.74 0.29 0.042 0.55 0.36 0.55 0.74 0.55 0.55 0.95 0.85 0.57 0.52 0.59 0.43 0.89 0.71 0.76 0.27 0.74 0.013 0.45 0.84 0.67 0.36 0.69 0.13 0.2 0.33 0.87 0.1 0.5 0.71 0.16 0.11 0.26 0.59 0.35 0.11 0.32 0.038 0.99 0.74 0.3 0.83 0.27 0.36 0.88 0.31 0.57 0.034 0.79 0.94 0.0061 0.43 0.33 0.45 0.023 0.84 0.42 0.28 0.24 0.082 0.93 0.21 0.65 0.69 0.39 0.82 0.42 0.96 0.83 0.68 0.35 0.37 0.78 0.96 0.26 0.96 0.12 0.39 0.28 0.068 0.085 0.022 0.47 0.19 0.82 0.1 0.58 0.17 0.87 0.24 0.51 0.59 0.15 0.18 0.21 0.64 0.53 0.52 0.55 0.13 0.82 0.57 0.98 0.1 0.15 0.71 0.49 0.67 0.52 0.45 0.63 0.46 0.6 0.57 0.16 0.41 0.49 0.48 0.09 0.19 0.6 0.32 0.62 0.034 0.21 0.69 0.83 0.28 0.043 0.84 0.57 0.39 0.27 0.96 0.37 0.72 0.37 0.49 0.91 0.85 0.28 0.16 0.85 0.7 0.093 0.54 0.42 0.3 0.98 0.93 0.81 0.38 0.43 0.26 0.55 0.71 0.47
0.41 0.91 0.71 0.65 0.33 0.74 0.74 0.87 0.45 0.43 0.99 0.85 0.96 0 0.0025 0.037 0.29 0.09 0.57 0.36 0.37 0.47 0.27 0.55 0.39 0.16 0.39 0.54 0.76 0.87 0.36 0.73 0.7 0.11 0.57 0.64 0.96 0.22 0.92 0.53 0.62 0.98 0.48 0.32 0.83 0.52 0.51 0.86 0.79 0.6 0.16 0.8 0.66 0.98 0.048 0.082 0.7 0.0094 0.14 0.4 0.56 0.044 0.0022 0.59 0.77 0.98 0.94 0.23 0.42 0.41 0.11 0.58 0.18 0.65 0.059 0.98 0.51 0.27 0.77 0.9 0.29 0.29 0.72 0.83 0.7 0.65 0.027 0.043 0.63 0.22 0.16 0.55 0.31 0.85 0.24 0.26 0.61 0.8 0.57 0.63 0.59 0.021 0.29 0.8 0.77 0.6 0.71 0.58 0.78 0.89 0.49 0.25 0.7 0.65 0.012 0.4 0.89 0.59 0.081 0.056 0.58 0.84 0.48 0.083 0.011 0.6 0.36 0.13 0.35 0.46 0.071 0.31 0.3 0.83 0.41 0.58 0.47 0.79 0.82 0.25 0.56 0.86 0.55 0.55 0.35 0.96 0.46 0.51 0.5 0.22 0.24 0.27 0.36 0.73 0.81 0.12 0.53 0.9 0.8 0.1 0.53 0.62 0.68 0.78 0.29 0.88 0.6 0.83 0.8 0.97 0.42 0.13 0.7 0.9 0.97 0.99 0.96 0.27 0.14 0.16 0.71 0.22 0.7 0.37 0.16 0.51 0.54 0.81 0.66 0.62 0.18 0.62 0.062 0.74 0.3 0.57 0.19 0.5 0.11 0.0081 0.67 0.65 0.2 0.37 0.93 0.041 0.93 0.26 0.69 0.43 0.78 0.42 0.63 0.55 0.81 0.55 0.6 0.6 0.66 0.34 0.089 0.95 0.25 0.64 0.3 0.036 0.5 0.26 0.56 0.3 0.37 0.084 0.38 0.13 0.53 0.18 0.9 0.59 0.78 0.6 0.063 0.064 0.78 0.37 0.26 0.47 0.057 0.58 0.71 0.18
0.37 0.53 0.017 0.062 0.15 0.95 0.9 0.93 1 0.55 0.9 0.34 0.89 0.0025 0 0.87 0.93 0.43 0.3 0.93 0.68 0.99 0.53 0.49 0.44 0.85 0.17 0.96 0.57 0.67 0.49 0.39 0.8 0.17 0.13 0.99 0.78 0.037 0.56 0.17 0.13 0.49 0.51 0.11 0.72 0.9 0.23 0.5 0.82 0.19 0.42 0.28 0.76 0.27 0.014 0.14 0.74 0.42 0.27 0.62 0.5 0.66 0.6 0.47 0.48 0.2 0.52 0.24 0.095 0.97 0.11 0.66 0.83 0.14 0.48 0.79 0.78 0.011 0.5 0.54 0.3 0.77 0.32 0.55 0.46 0.72 0.058 0.99 0.82 0.53 0.071 0.24 0.45 0.89 0.097 0.062 0.52 0.36 0.92 0.31 0.37 0.61 0.67 0.6 0.65 0.94 0.48 0.049 0.09 0.28 0.51 0.63 0.67 0.51 0.27 0.12 0.85 0.29 0.016 0.23 0.38 0.36 0.29 0.87 0.53 0.3 0.41 0.16 0.24 0.92 0.75 0.19 0.98 0.14 1 0.02 0.81 0.5 0.87 0.03 0.53 0.36 0.6 0.072 0.27 0.62 0.84 0.52 0.58 0.36 0.026 0.68 0.14 0.98 0.95 0.71 0.36 0.24 0.73 0.38 0.0066 0.06 0.73 0.98 0.8 0.13 0.61 0.58 0.54 0.37 0.31 0.011 0.48 0.28 0.86 0.84 0.49 0.24 0.9 0.45 0.79 0.71 0.0042 0.86 0.85 0.38 0.35 0.13 0.12 0.46 0.07 0.027 0.2 0.87 0.84 0.95 0.26 0.56 0.82 0.6 0.12 0.96 0.74 0.43 0.9 0.52 0.15 0.53 0.71 0.42 0.57 0.77 0.18 0.51 0.65 0.91 0.3 0.45 0.056 0.64 0.49 0.12 0.18 0.031 0.25 0.33 0.35 0.56 0.32 0.82 0.71 0.073 0.84 0.64 0.38 0.89 0.23 0.94 0.16 0.43 0.37 0.086 0.26 0.49 0.96 0.36 0.44 0.65 0.31 0.98
0.76 0.96 0.11 0.97 0.5 0.47 0.13 0.48 0.2 0.68 0.91 0.87 0.54 0.037 0.87 0 0.94 0.92 0.71 0.8 0.62 1 0.59 0.35 0.83 0.37 0.46 0.7 0.15 0.63 0.042 0.65 0.72 0.14 0.47 0.8 0.3 0.46 0.95 0.1 0.68 0.77 0.89 0.25 0.64 0.55 0.73 0.69 0.13 0.8 0.54 0.45 0.72 0.18 0.71 0.74 0.11 0.14 0.69 0.4 0.81 0.58 0.086 0.14 0.56 0.082 0.14 0.78 0.81 0.21 0.94 0.22 0.78 0.94 0.26 0.6 0.29 0.72 0.44 0.17 0.055 0.26 0.26 0.46 0.58 0.49 0.13 0.2 0.3 0.76 0.57 0.52 0.096 0.86 0.37 0.19 0.94 0.79 0.3 0.96 0.69 0.91 0.86 0.11 0.84 0.47 0.86 0.19 0.21 0.94 0.34 0.96 0.42 0.45 0.7 0.63 0.11 0.5 0.39 0.35 0.8 0.3 0.18 0.084 0.24 0.081 0.32 0.75 0.21 0.48 0.54 0.84 0.73 0.47 0.28 0.34 0.39 1 0.054 0.26 0.014 0.66 0.39 0.46 0.19 0.67 0.21 0.13 0.98 0.43 0.056 0.71 0.29 0.96 0.12 0.5 0.23 0.51 0.4 0.71 0.00052 0.52 0.98 0.3 0.48 0.44 0.79 0.39 0.25 0.32 0.71 0.42 0.079 0.97 0.55 0.0024 0.66 0.37 0.67 0.56 0.65 0.16 0.75 0.72 0.73 0.12 0.53 0.6 0.85 0.065 0.085 0.84 0.21 0.47 0.26 0.65 0.3 0.015 0.0068 0.63 0.52 0.38 0.24 0.7 0.58 0.61 0.84 0.83 0.35 0.16 0.51 0.94 0.34 0.24 0.093 0.71 0.36 0.3 0.1 0.61 0.65 0.32 0.91 0.83 0.03 0.99 0.57 0.59 0.32 0.076 0.59 0.37 0.58 0.29 0.58 0.54 0.45 0.98 0.28 0.078 0.1 0.82 0.66 0.66 0.09 0.85 0.77 0.93 0.71 0.18
0.32 0.76 0.24 0.73 0.86 0.29 0.26 0.77 0.42 0.54 0.43 0.68 0.68 0.29 0.93 0.94 0 0.021 0.17 0.97 0.52 0.42 0.28 0.93 0.94 0.62 0.24 0.44 0.14 0.22 0.78 0.1 0.29 0.21 0.76 0.44 0.16 0.94 0.79 0.016 0.26 0.6 0.56 0.69 0.85 0.47 0.51 0.57 0.6 0.032 0.31 0.94 0.54 0.2 0.69 0.65 0.33 0.65 0.12 0.35 0.38 0.61 0.99 0.022 0.82 0.11 0.63 0.045 0.84 0.93 0.93 0.49 0.56 0.35 0.84 0.72 0.74 0.93 0.53 0.043 0.56 0.4 0.5 0.45 0.93 0.87 0.47 0.22 0.3 0.43 0.15 0.53 0.64 0.52 0.99 0.57 0.43 0.83 0.79 0.56 0.42 0.37 0.36 0.19 0.97 0.43 0.15 0.55 0.68 0.91 0.93 0.48 0.2 0.92 0.59 0.18 0.89 0.063 0.91 0.97 0.18 0.28 0.67 0.23 0.4 0.72 0.7 0.25 0.87 0.43 0.31 0.07 0.92 0.43 0.82 0.065 0.87 0.94 0.5 0.32 0.49 0.21 0.59 0.54 0.84 0.93 0.83 0.61 0.27 0.47 0.26 0.48 0.43 0.03 0.42 0.48 0.82 0.013 0.94 0.85 0.0098 0.5 0.63 0.42 0.015 0.29 0.013 0.36 0.82 0.46 0.36 0.95 0.65 0.66 0.27 0.14 0.93 0.28 0.9 0.97 0.61 0.79 0.62 0.62 0.69 0.046 0.53 0.11 0.69 0.25 0.43 0.44 0.9 0.17 0.65 0.24 0.059 0.19 0.5 0.57 0.52 0.13 0.56 0.15 0.28 0.097 0.67 0.5 0.097 0.37 0.87 0.3 0.051 0.76 0.041 0.55 0.73 0.23 0.57 0.7 0.48 0.3 0.81 0.38 0.73 0.093 0.63 0.96 0.048 0.37 0.77 0.52 0.83 0.62 0.35 0.41 0.18 0.42 0.36 0.11 0.12 0.12 0.22 0.4 0.44 0.16 0.45 0.71 0.5 0.012
0.3 0.62 0.56 0.82 0.37 0.76 0.034 0.0084 0.82 0.54 0.39 0.48 0.27 0.09 0.43 0.92 0.021 0 0.48 0.63 0.29 0.073 0.62 0.29 0.85 0.47 0.27 0.77 0.64 0.13 0.21 0.26 0.77 0.13 0.41 1 0.79 0.56 0.84 0.73 0.92 0.98 0.85 0.85 0.24 0.79 0.69 0.82 0.09 0.36 0.63 0.073 0.91 0.49 0.31 0.085 0.79 0.003 0.64 0.65 0.13 0.77 0.13 0.17 0.51 0.37 0.79 0.96 0.21 0.45 0.51 0.44 0.59 0.95 0.029 0.039 0.61 0.48 0.51 0.87 0.75 0.75 0.8 0.96 0.76 0.53 0.22 0.97 0.2 0.96 0.25 0.37 0.51 0.66 0.71 0.87 0.38 0.61 0.97 0.14 0.2 0.073 0.67 0.55 0.38 0.53 0.47 0.11 0.33 0.092 0.58 0.14 0.9 0.23 0.15 0.009 0.92 0.19 0.62 0.4 0.9 0.11 0.99 0.46 0.38 0.17 0.085 0.3 0.88 0.65 0.83 0.13 0.16 0.45 0.53 0.69 0.68 0.77 0.29 0.99 0.86 0.53 0.45 0.21 0.09 0.34 0.27 0.73 0.13 0.49 0.66 0.16 0.88 0.78 0.18 0.25 0.033 0.7 0.26 0.64 0.63 0.8 0.65 0.34 0.16 0.62 0.21 0.75 0.06 0.26 0.98 0.41 0.31 0.71 0.59 0.9 0.049 0.17 0.15 0.41 0.8 0.49 0.42 0.26 0.27 0.8 0.54 0.85 0.4 0.71 0.15 0.4 0.45 0.91 0.13 0.94 0.94 0.67 0.73 0.92 0.22 0.1 0.46 0.84 0.43 0.6 0.38 0.35 0.65 0.35 0.19 0.1 0.97 0.29 0.88 0.044 0.37 0.56 0.18 0.13 0.077 0.67 0.59 0.33 0.29 0.37 0.35 0.88 0.86 0.69 0.032 0.65 0.042 0.94 0.074 0.58 0.66 0.19 0.097 0.95 0.94 0.0099 0.17 0.67 0.35 0.0028 0.92 0.098 0.61 0.96
0.37 0.33 0.12 0.47 0.99 0.84 0.9 0.73 0.39 0.44 0.093 0.68 0.047 0.57 0.3 0.71 0.17 0.48 0 0.63 0.78 0.31 0.079 0.32 0.47 0.25 0.092 0.84 0.91 0.98 0.82 0.94 0.69 0.54 0.95 0.54 0.68 0.06 0.5 0.93 0.41 0.088 0.84 0.32 0.72 0.31 0.79 0.32 0.31 0.6 0.44 0.82 0.22 1 0.48 0.97 0.16 0.62 0.53 0.49 0.54 0.98 0.24 0.2 0.051 0.9 0.83 0.99 0.97 0.37 0.57 0.98 0.68 0.45 0.062 0.24 0.69 0.87 0.83 0.79 0.84 0.1 0.98 0.11 0.71 0.71 0.43 0.099 0.011 0.8 0.65 0.63 0.069 0.21 0.14 0.46 0.046 0.47 0.83 0.97 0.085 0.98 0.49 0.24 0.0084 0.54 0.41 0.96 0.75 0.71 0.34 0.92 0.13 0.037 0.06 0.22 0.24 0.66 0.55 0.15 0.9 0.38 0.97 0.97 0.58 0.68 0.76 0.28 0.26 0.73 0.7 0.44 0.42 0.92 0.39 0.61 0.94 0.99 0.15 0.9 0.87 0.16 0.57 0.23 0.92 0.47 0.73 0.31 0.61 0.72 0.44 0.49 0.0053 0.1 0.53 0.65 0.95 0.05 0.36 0.12 0.55 0.33 0.74 0.74 0.15 0.92 0.39 0.91 0.27 0.64 0.1 0.89 0.82 0.22 0.8 0.12 0.2 0.64 0.54 0.95 0.39 0.42 0.79 0.38 0.78 0.85 0.9 0.19 0.8 0.64 0.24 0.34 0.077 0.092 0.79 0.65 0.25 0.31 0.68 0.87 0.1 0.44 0.6 0.17 0.12 0.52 0.34 0.92 0.26 0.92 0.6 0.1 0.93 0.95 0.27 0.99 0.95 0.68 0.18 0.56 0.57 0.42 0.71 0.22 0.26 0.97 0.2 0.32 0.47 0.12 0.48 0.098 0.81 0.54 0.51 0.38 0.091 0.38 0.52 0.86 0.68 0.85 0.53 0.13 0.38 0.15 0.62 0.41 0.54 0.8
0.69 0.59 0.57 0.14 0.48 0.84 0.29 0.61 0.99 0.75 0.49 0.81 0.73 0.36 0.93 0.8 0.97 0.63 0.63 0 0.0023 0.079 0.45 0.033 0.14 0.93 0.82 0.076 0.87 0.33 0.32 0.016 0.0048 0.13 0.043 0.2 0.23 0.59 0.83 0.75 0.73 0.064 0.31 0.14 0.48 0.81 0.66 0.51 0.58 0.61 0.84 0.56 0.54 0.52 0.45 0.75 0.91 0.57 0.74 0.7 0.22 0.67 0.12 0.32 0.54 0.41 0.74 0.88 0.69 0.24 0.22 0.25 0.36 0.58 0.27 0.64 0.15 0.34 0.44 0.19 0.95 0.49 0.44 0.49 0.48 0.028 0.33 0.53 0.44 0.13 0.29 0.26 0.2 0.72 0.96 0.026 0.39 0.28 0.13 0.16 0.36 0.19 0.91 0.14 0.85 0.34 0.99 0.36 0.75 0.29 0.23 0.011 0.55 0.84 0.18 0.25 0.064 0.18 0.63 0.97 0.19 0.5 0.026 0.36 0.3 0.27 0.7 0.76 0.88 0.98 0.7 0.8 0.23 0.73 0.34 0.37 0.66 0.21 0.15 0.46 0.042 0.68 0.28 0.43 0.21 0.37 0.2 0.68 0.04 0.95 0.69 0.31 0.63 0.5 0.79 0.73 0.53 0.52 1 0.83 0.38 0.68 0.23 0.71 0.82 0.51 0.74 0.5 0.3 0.94 0.73 0.26 0.3 0.89 0.63 0.57 0.83 0.69 0.94 0.77 0.7 0.72 0.62 0.49 0.28 0.82 0.69 0.28 0.46 0.082 0.29 0.17 0.28 0.44 0.79 0.95 0.19 0.64 0.12 0.79 0.28 0.2 0.99 0.25 0.34 0.74 0.098 0.21 0.31 0.32 0.092 0.66 0.87 0.26 0.32 0.05 0.68 0.097 0.13 0.056 0.14 0.96 0.78 0.4 0.0072 0.22 0.71 0.75 0.93 0.58 0.25 0.13 0.18 0.56 0.46 0.063 0.51 0.45 0.3 0.79 0.59 0.66 0.64 0.64 0.89 0.77 0.46 0.23 0.41 0.84
0.99 0.23 0.42 0.51 0.13 0.56 0.14 0.49 0.74 0.26 0.45 0.11 0.2 0.37 0.68 0.62 0.52 0.29 0.78 0.0023 0 0.79 0.28 0.2 0.59 0.48 0.79 0.027 0.9 0.63 0.47 0.15 0.25 0.7 0.063 0.58 0.49 0.98 0.49 0.68 0.63 0.62 0.39 0.66 0.067 0.84 0.18 0.66 0.85 0.5 0.91 0.076 0.49 0.62 0.33 0.78 0.77 0.15 0.25 0.83 0.27 0.45 0.66 0.51 0.94 0.82 0.81 0.1 0.38 0.63 0.47 0.27 0.31 0.22 0.78 0.51 0.76 0.25 0.88 0.59 0.51 0.67 0.63 0.31 0.38 0.87 0.71 0.54 0.75 0.35 0.35 0.92 0.01 0.35 1 0.18 0.35 0.73 0.24 0.41 0.52 0.8 0.11 0.2 0.93 0.052 0.35 0.18 0.88 0.7 0.51 0.62 0.15 0.99 0.58 0.79 0.75 0.065 0.12 0.7 0.16 0.43 0.34 0.87 0.71 0.8 0.34 0.88 0.61 0.35 0.86 0.17 0.098 0.15 0.68 0.95 0.32 0.85 0.16 0.74 0.48 0.29 0.99 0.24 0.59 0.27 0.61 0.21 0.75 0.0018 0.38 0.98 0.039 0.51 0.092 0.25 0.88 0.56 0.68 0.86 0.22 0.37 0.86 0.11 0.22 0.63 0.58 0.53 0.74 0.11 0.94 0.28 0.5 0.41 0.42 0.44 0.05 0.079 0.22 0.3 0.44 0.77 0.51 0.67 0.85 0.47 0.16 0.68 0.92 0.65 0.18 0.87 0.13 0.25 0.065 0.98 0.9 0.47 0.4 0.46 0.84 0.14 0.042 0.95 0.82 0.73 0.013 0.78 0.16 0.79 0.59 0.83 0.77 0.73 0.64 0.54 0.43 0.022 0.75 0.81 0.14 0.38 0.16 0.24 0.65 0.26 0.97 0.56 0.037 0.16 0.86 0.8 0.67 0.0097 0.51 0.89 0.19 0.21 0.17 0.33 0.97 0.54 0.52 0.59 0.61 0.54 0.079 0.95 0.058 0.61
0.16 0.77 0.036 1 0.85 0.34 0.13 0.91 0.75 0.55 0.47 1 0.097 0.47 0.99 1 0.42 0.073 0.31 0.079 0.79 0 0.71 0.31 0.77 0.35 0.078 0.8 0.53 0.42 0.73 0.64 0.47 0.5 0.84 0.16 0.7 0.57 0.032 0.3 0.29 0.079 0.45 0.68 0.9 0.25 0.49 0.4 0.74 0.12 0.3 0.73 0.39 0.49 0.56 0.88 0.93 0.44 0.57 0.91 0.91 0.55 0.14 0.087 0.91 0.56 0.39 0.66 0.8 0.46 0.94 0.41 0.7 0.85 0.55 0.97 0.81 0.64 0.63 0.13 0.84 0.69 0.91 0.29 0.51 0.68 0.47 0.28 0.64 0.79 0.42 0.48 0.35 0.25 0.65 0.76 1 0.69 0.7 0.95 0.24 0.095 0.24 0.48 0.9 0.33 0.32 0.87 0.95 0.18 0.74 0.66 0.5 0.72 0.7 0.55 0.9 1 0.27 0.26 0.85 0.84 0.57 0.94 0.79 0.9 0.4 0.56 0.27 0.52 0.13 0.23 0.72 0.67 0.59 0.77 0.27 0.58 0.8 0.56 0.98 0.16 0.25 0.9 0.19 0.011 0.59 0.96 0.43 0.023 0.43 0.64 0.41 0.32 0.11 0.25 0.61 0.65 0.14 0.43 0.18 0.96 0.19 0.21 0.33 0.18 0.29 0.63 0.13 0.97 0.15 0.79 0.97 0.61 0.26 0.82 0.34 0.6 0.67 0.51 0.41 0.13 0.093 0.24 0.055 0.21 0.29 0.9 0.58 0.45 0.3 0.33 0.072 0.22 0.54 0.15 0.55 0.37 0.31 0.38 0.67 0.13 0.7 0.81 0.39 0.38 0.53 0.39 0.23 0.82 0.19 0.72 0.54 0.47 0.061 0.94 0.45 0.82 0.52 0.92 0.86 0.02 0.97 0.26 0.2 0.75 0.0086 0.82 0.29 0.78 0.27 0.42 1 1 0.95 0.41 0.12 0.063 0.48 0.62 0.08 0.3 0.54 0.63 0.91 0.98 0.78 0.61 0.16 0.68
0.47 0.094 0.8 0.12 0.059 0.32 0.11 0.012 0.82 0.19 0.17 0.76 0.42 0.27 0.53 0.59 0.28 0.62 0.079 0.45 0.28 0.71 0 0.38 0.87 0.048 0.86 0.89 0.25 0.74 0.33 0.57 0.55 0.86 0.75 0.46 0.16 0.14 0.76 0.53 0.91 0.44 0.065 0.16 0.57 0.011 0.93 0.29 0.82 0.05 0.37 0.36 0.2 0.64 0.65 0.57 0.82 0.13 0.26 0.46 0.35 0.76 0.99 0.37 0.17 0.98 0.37 0.82 0.031 0.003 0.91 0.23 0.16 0.059 0.56 0.32 0.3 0.043 0.89 0.14 0.41 0.87 0.13 0.57 0.67 0.29 0.85 0.97 0.4 0.49 0.27 0.73 0.67 0.23 0.054 0.68 0.073 0.76 0.53 0.92 0.52 0.43 0.2 0.032 0.55 0.059 0.5 0.31 0.92 0.11 0.64 0.97 0.036 0.69 0.55 0.82 0.99 0.36 0.69 0.62 0.77 0.94 0.76 0.41 0.31 0.032 0.11 0.97 0.15 0.74 0.91 0.025 0.12 0.15 0.69 0.028 1 0.95 0.63 0.2 0.56 0.038 0.92 0.8 0.87 0.24 0.68 0.19 0.19 0.067 0.85 0.72 0.59 0.68 0.34 0.86 0.44 0.96 0.057 0.82 0.85 0.85 0.93 0.035 0.37 0.8 0.7 0.49 0.94 0.64 0.45 0.66 0.41 0.58 0.75 0.81 0.61 0.67 0.35 0.42 0.32 0.49 0.3 0.59 0.086 0.33 0.43 0.1 0.24 0.71 0.045 0.015 0.14 0.42 0.85 0.51 0.85 0.93 0.84 0.85 0.36 0.44 0.29 0.045 0.66 0.38 0.44 0.34 0.51 0.52 0.2 0.89 0.48 0.63 0.29 0.76 1 0.91 0.22 0.82 0.93 0.89 0.52 0.45 0.52 0.21 0.67 0.67 0.14 0.99 0.0078 0.67 0.77 0.087 0.21 0.37 0.53 0.99 0.58 0.89 0.32 0.72 0.62 0.64 0.76 0.4 0.36 0.87 0.6 0.84
0.52 0.79 0.81 0.52 0.75 0.62 0.07 0.29 0.22 0.22 0.96 0.49 0.051 0.55 0.49 0.35 0.93 0.29 0.32 0.033 0.2 0.31 0.38 0 0.67 0.35 0.75 1 0.22 0.22 0.019 0.37 0.17 0.39 0.88 0.35 0.36 0.7 0.2 0.7 0.075 0.28 0.3 0.88 0.023 0.11 0.34 0.65 0.79 0.39 0.32 0.6 0.31 0.74 0.7 0.96 0.55 0.67 0.98 0.45 0.14 0.53 0.21 0.45 0.94 0.19 0.74 0.27 0.36 0.84 0.23 0.82 0.53 0.12 0.26 0.41 0.93 0.8 0.4 0.065 0.68 0.48 0.33 0.96 0.23 0.33 0.63 0.5 0.38 0.44 0.93 0.57 0.57 0.77 0.18 0.42 0.32 0.26 0.4 0.92 0.74 0.12 0.97 0.38 0.0079 0.84 0.73 0.86 0.71 0.93 0.87 0.13 0.034 0.93 0.0034 0.11 0.5 0.79 0.26 0.11 0.49 0.96 0.94 0.58 0.082 0.5 0.56 0.65 0.46 0.45 0.58 0.38 0.51 0.76 0.035 0.74 0.71 0.083 0.067 0.41 0.1 0.61 0.64 0.42 0.38 0.42 0.58 0.57 0.78 0.39 0.99 0.84 0.96 0.19 0.39 0.61 0.53 0.39 0.5 0.93 0.28 0.25 0.053 0.63 0.97 0.12 0.6 0.64 0.61 0.13 0.66 0.13 0.074 0.12 0.12 0.91 0.021 0.26 0.33 0.78 1 0.57 0.76 0.15 0.69 0.74 0.68 0.71 0.035 0.32 0.7 0.42 0.46 0.82 0.59 0.57 0.69 0.71 0.37 0.25 0.5 0.94 0.94 0.034 0.91 0.9 0.28 1 0.051 0.44 0.55 0.081 0.38 0.93 0.017 0.89 0.31 0.88 0.24 0.83 0.021 0.28 0.37 0.74 0.49 0.96 0.016 0.99 0.54 0.2 0.56 0.14 0.92 0.09 0.34 0.0077 0.16 0.53 0.59 0.47 0.34 0.6 0.58 0.73 0.42 0.21 0.76 0.35 0.29 0.55
0.55 0.8 0.86 0.037 0.017 0.94 0.79 0.16 0.83 0.34 0.94 0.96 0.94 0.39 0.44 0.83 0.94 0.85 0.47 0.14 0.59 0.77 0.87 0.67 0 0.54 0.8 0.18 0.45 0.27 0.86 0.63 0.15 0.18 0.6 0.66 0.44 0.93 0.28 0.2 0.85 0.35 0.86 0.66 0.75 0.081 0.53 0.53 0.037 0.78 0.89 0.9 0.33 0.52 0.2 0.83 0.32 0.077 0.4 0.49 0.14 0.68 0.19 0.93 0.5 0.95 0.0023 0.46 0.4 0.78 0.038 0.45 0.13 0.48 0.3 0.52 0.47 0.29 0.78 0.074 0.7 0.54 0.6 0.88 0.36 0.35 0.51 0.95 0.44 0.38 0.28 0.2 0.84 0.4 0.55 0.2 0.81 0.26 0.72 0.65 0.23 0.93 0.21 0.57 0.5 0.28 0.95 0.15 0.75 0.31 0.23 0.17 0.19 0.31 0.86 0.71 0.51 0.84 0.78 0.43 0.8 0.0042 0.012 0.85 0.18 0.8 0.14 0.057 0.49 0.029 0.16 0.21 0.23 0.72 0.99 0.23 0.19 0.32 0.33 0.22 0.79 0.74 0.3 0.82 0.78 0.52 0.52 0.0097 0.16 0.096 0.9 0.82 0.97 0.55 0.08 0.27 0.96 0.73 0.59 0.88 0.66 0.25 0.67 0.4 0.85 0.042 0.97 0.88 0.064 0.21 0.87 0.7 0.97 0.72 0.83 0.79 0.39 0.68 0.37 0.68 0.84 0.78 0.18 0.49 0.13 0.63 0.86 0.55 0.11 0.62 0.93 0.83 0.041 0.91 0.48 0.78 0.71 0.31 0.15 0.78 0.67 0.58 0.91 0.82 0.8 0.93 0.022 0.65 0.59 0.3 0.1 0.91 0.25 0.064 0.31 0.55 0.17 0.9 0.65 0.08 0.74 0.4 0.58 0.87 0.054 0.061 0.72 0.17 0.57 0.48 0.96 0.93 0.21 0.11 0.68 0.11 0.99 0.58 0.53 0.74 0.62 0.93 0.31 0.18 0.22 0.67 0.42 0.93 0.6 0.047
0.12 0.81 0.99 0.8 0.8 0.94 0.39 0.63 0.18 0.78 0.36 0.9 0.67 0.16 0.85 0.37 0.62 0.47 0.25 0.93 0.48 0.35 0.048 0.35 0.54 0 0.64 0.52 0.12 0.53 0.4 0.72 0.76 0.76 0.45 0.68 0.35 0.018 0.19 0.13 0.52 0.49 0.35 0.37 0.35 0.39 0.4 0.17 0.36 0.17 0.48 0.22 0.77 0.83 0.023 0.29 0.61 0.79 0.93 0.81 0.65 0.026 0.62 0.9 0.86 0.12 0.62 0.7 0.14 0.94 0.08 0.97 0.11 0.47 0.95 0.68 0.89 0.64 0.074 0.85 0.36 0.61 0.041 0.071 0.052 0.33 0.046 0.13 0.014 0.87 0.53 0.18 0.92 0.41 0.89 0.69 0.75 0.26 0.078 0.9 0.17 0.78 0.26 0.81 0.15 0.79 0.46 0.42 0.75 0.12 0.41 0.46 0.83 0.92 0.29 0.043 0.38 0.47 0.82 0.69 0.32 0.07 0.35 0.14 0.65 0.76 0.29 0.17 0.45 0.34 0.6 0.23 0.84 0.61 0.75 0.79 0.44 0.26 0.74 0.23 0.25 0.17 0.67 0.46 0.62 0.76 0.45 0.73 0.21 0.083 0.085 0.012 0.67 0.2 0.22 0.47 0.72 0.65 0.27 0.19 0.64 0.55 0.87 0.93 0.7 0.039 0.0087 0.84 0.48 0.69 0.57 0.043 0.85 0.63 0.52 0.1 0.23 0.84 0.64 0.0036 0.2 0.55 0.98 0.9 0.86 0.096 0.86 0.24 0.18 0.23 0.7 0.4 0.66 0.13 0.44 0.51 0.44 0.2 0.88 0.66 0.38 0.96 0.62 0.062 0.16 0.91 0.04 0.41 0.86 0.91 0.91 0.022 0.11 0.75 0.071 0.96 0.36 0.64 0.91 0.82 0.23 0.14 0.86 0.2 0.53 0.31 0.81 0.76 0.94 0.75 0.61 0.74 0.94 0.93 0.48 0.78 0.97 0.93 0.71 0.19 0.31 0.73 0.18 0.22 0.88 0.14 0.3 0.57 0.28 0.72
0.34 0.13 0.74 0.59 0.43 0.86 0.23 0.81 0.27 0.31 0.23 0.55 0.45 0.39 0.17 0.46 0.24 0.27 0.092 0.82 0.79 0.078 0.86 0.75 0.8 0.64 0 0.9 0.82 0.21 0.57 0.44 0.8 0.88 0.41 0.38 0.77 0.2 0.9 0.86 0.35 0.6 0.55 0.65 0.98 0.19 0.14 0.41 0.04 0.073 0.11 0.29 0.32 0.62 0.66 0.037 0.89 0.39 0.29 0.28 0.16 0.64 0.24 0.52 0.17 0.028 0.71 0.43 0.9 0.41 0.36 0.71 0.55 0.46 0.74 0.52 0.7 0.93 0.53 0.43 0.32 0.29 0.87 0.013 0.32 0.57 0.82 0.051 0.85 0.12 0.3 0.4 0.033 0.19 0.41 0.61 0.083 0.95 0.59 0.17 0.77 0.9 0.4 0.62 0.15 0.27 0.51 0.39 0.29 0.43 0.62 0.49 0.18 0.75 0.89 0.99 0.49 0.14 0.63 0.52 0.19 0.55 0.75 0.52 0.92 0.67 0.86 0.6 0.072 0.26 0.42 0.7 0.32 0.14 0.81 0.48 0.78 0.45 0.85 0.49 0.35 0.078 0.45 0.68 0.57 0.91 0.062 0.78 0.4 0.91 0.66 0.019 0.4 0.43 0.68 0.8 0.58 0.068 0.9 0.8 0.46 0.23 0.6 0.057 0.75 0.79 0.91 0.56 0.82 0.067 0.81 0.92 0.8 0.44 0.6 0.51 0.18 0.88 0.31 0.86 0.9 0.58 0.99 0.54 0.76 0.15 0.14 0.32 0.039 0.52 0.38 0.93 0.36 0.82 0.59 0.15 0.54 0.64 0.56 0.56 0.46 0.84 0.48 0.71 0.79 0.23 0.18 0.9 0.52 0.42 0.59 0.61 0.11 0.032 0.23 0.49 0.35 0.77 0.22 0.053 0.63 0.31 0.66 0.11 0.65 0.6 0.85 0.8 0.45 0.64 0.13 0.58 0.65 0.16 0.94 0.78 0.81 0.32 0.84 0.18 0.87 0.95 0.89 0.3 0.43 0.31 0.54 0.65 0.011 0.99
0.62 0.2 0.59 0.43 0.024 0.38 0.59 0.5 0.24 0.77 0.18 0.02 0.26 0.54 0.96 0.7 0.44 0.77 0.84 0.076 0.027 0.8 0.89 1 0.18 0.52 0.9 0 0.046 0.88 0.94 0.89 0.67 0.86 0.0051 0.83 0.89 0.76 0.53 0.92 0.54 0.13 0.13 0.063 0.36 0.99 0.58 0.73 0.74 0.085 0.27 0.54 0.24 0.12 0.54 0.59 0.6 0.24 0.37 0.18 0.77 0.58 0.87 0.86 0.84 0.13 0.87 0.41 0.25 0.66 0.12 0.74 0.24 0.11 0.41 0.24 0.88 0.06 0.14 0.65 0.6 0.74 0.58 0.93 0.69 0.17 0.43 0.23 0.63 0.87 0.83 0.36 0.58 0.87 0.57 0.98 0.13 0.25 0.46 0.9 0.49 0.046 0.81 0.51 0.21 0.83 0.79 0.03 0.72 0.65 0.78 0.4 0.64 0.69 0.41 0.51 0.32 0.44 0.33 0.72 0.36 0.56 0.6 0.21 0.69 0.34 0.48 0.18 0.056 0.96 0.81 0.52 0.22 0.37 0.49 0.83 0.96 0.029 0.36 0.45 0.098 0.31 0.088 0.49 0.64 0.9 0.16 0.33 0.24 0.85 0.78 0.74 0.063 0.74 0.63 0.06 0.35 0.49 0.34 0.52 0.64 0.43 0.7 0.14 0.062 0.0033 0.35 0.42 0.51 0.83 0.99 0.17 0.29 0.5 0.93 0.57 0.89 0.7 0.023 0.075 0.61 0.21 0.59 0.076 0.56 0.23 0.69 0.91 0.83 0.75 0.15 0.22 0.45 0.2 0.71 0.29 0.68 0.2 0.82 0.19 0.46 0.76 0.3 0.5 0.58 0.6 0.46 0.44 0.23 0.87 0.95 0.12 0.59 0.22 0.86 0.72 0.17 0.28 0.3 0.39 0.45 0.44 0.19 0.69 0.59 0.25 0.18 0.16 0.76 0.14 0.65 0.18 0.9 0.78 0.73 0.41 0.29 0.86 0.11 0.068 0.0038 0.57 0.7 0.46 0.39 0.53 0.94 0.79 0.77 0.53
0.13 0.27 0.59 0.34 0.082 0.35 0.95 0.42 0.16 0.74 0.36 0.37 0.88 0.76 0.57 0.15 0.14 0.64 0.91 0.87 0.9 0.53 0.25 0.22 0.45 0.12 0.82 0.046 0 0.79 0.82 0.54 0.77 0.047 0.45 0.67 0.94 0.26 0.59 0.038 0.89 0.85 0.59 0.46 0.22 0.49 0.53 0.8 0.49 0.57 0.57 0.11 0.38 0.78 0.78 0.26 0.67 0.52 0.57 0.77 0.039 0.25 0.16 0.48 0.89 0.56 0.2 0.85 0.051 0.87 0.076 0.26 0.45 0.72 0.79 0.31 0.84 0.56 0.16 0.47 0.55 0.85 0.23 0.98 0.29 0.52 0.41 0.47 0.056 0.51 0.5 0.088 0.25 0.56 0.0056 0.68 0.83 0.86 0.81 0.83 0.77 0.7 0.77 0.22 0.69 0.83 0.29 0.15 0.8 0.71 0.24 0.73 0.041 0.22 0.47 0.56 0.66 0.99 0.32 0.32 0.05 0.13 0.18 0.19 0.043 0.38 0.65 0.56 0.54 0.37 0.27 0.82 0.69 0.22 0.49 0.72 0.43 0.034 0.78 0.2 0.67 0.49 0.36 0.037 0.87 0.23 0.88 0.34 0.31 0.074 0.16 0.13 0.9 0.9 0.36 0.065 0.67 0.15 0.0041 0.6 0.87 0.78 0.75 0.58 0.8 0.71 0.71 0.63 0.37 0.48 0.067 0.22 0.42 0.24 0.79 0.86 0.83 0.71 0.21 0.33 0.42 0.42 0.21 0.29 0.76 0.58 0.95 0.24 0.83 0.083 0.66 0.28 0.58 0.059 0.58 0.38 0.51 0.21 0.53 0.81 0.1 0.6 0.15 0.51 0.43 0.055 0.43 0.73 0.64 0.79 0.35 0.088 0.61 0.46 0.44 0.17 0.69 0.24 0.012 0.78 0.58 0.19 0.87 0.15 0.33 0.47 0.24 0.044 0.62 0.53 0.75 0.19 0.16 0.075 0.18 0.88 0.49 0.84 0.86 0.17 0.91 0.86 0.37 0.68 0.88 0.4 0.44 0.21 0.66 0.22
0.49 0.55 0.091 0.49 0.89 0.21 0.83 0.36 0.62 0.83 0.15 0.64 0.94 0.87 0.67 0.63 0.22 0.13 0.98 0.33 0.63 0.42 0.74 0.22 0.27 0.53 0.21 0.88 0.79 0 0.77 0.26 0.42 0.26 0.51 0.75 0.69 0.55 0.36 0.91 0.34 0.28 0.79 0.7 0.95 0.9 0.44 0.68 0.78 0.27 0.29 0.77 0.17 0.6 0.48 0.73 0.66 0.25 0.49 0.87 0.55 0.14 0.59 0.81 0.25 0.86 0.14 0.69 0.15 0.13 0.73 0.86 0.31 0.86 0.76 0.32 0.82 0.34 0.4 0.81 0.91 0.8 0.61 0.13 0.85 0.97 0.037 0.38 0.77 0.78 0.49 0.64 0.14 0.92 0.02 0.062 0.36 0.32 0.98 0.57 0.072 0.29 0.3 0.3 0.55 0.42 0.39 0.052 0.99 0.94 0.66 0.68 0.87 0.67 0.37 0.9 0.28 0.21 0.58 0.29 0.43 0.55 0.043 0.033 0.11 0.74 0.74 0.21 0.47 0.78 0.88 0.064 0.76 0.42 0.18 0.17 0.49 0.91 0.097 0.93 0.61 0.53 1 0.23 0.085 0.89 0.74 0.73 0.71 0.84 0.79 0.67 0.29 0.89 0.36 0.61 0.068 0.057 0.61 0.97 0.68 0.16 0.37 0.85 0.41 0.2 0.61 0.94 0.98 0.073 0.94 0.03 0.71 0.21 0.33 0.94 0.36 0.27 0.58 0.33 0.29 0.67 0.5 0.26 0.4 0.93 0.34 0.94 0.5 0.63 0.61 0.57 0.52 0.13 0.63 0.64 0.12 0.55 0.031 0.6 0.25 0.41 0.63 0.44 0.27 0.38 0.73 0.82 0.93 0.39 0.4 0.43 0.069 0.79 0.7 0.32 0.19 0.57 0.53 0.65 0.83 0.5 0.92 0.8 0.91 0.17 0.49 0.18 0.89 0.7 1 0.7 0.96 0.21 0.55 0.3 0.13 0.7 0.45 0.41 0.42 0.61 0.36 0.8 0.0081 0.55 0.55 0.65 0.52 0.49
0.47 0.73 0.26 0.53 0.45 0.68 0.85 0.88 0.87 0.98 0.098 0.62 0.23 0.36 0.49 0.042 0.78 0.21 0.82 0.32 0.47 0.73 0.33 0.019 0.86 0.4 0.57 0.94 0.82 0.77 0 0.12 0.38 0.35 0.96 0.84 0.96 0.19 0.54 0.44 0.26 0.65 0.18 0.25 0.29 0.17 0.55 0.72 0.77 0.056 0.13 0.88 0.79 0.86 0.072 0.27 0.22 0.98 0.62 0.36 0.59 0.67 0.15 0.98 0.82 0.29 0.61 0.85 0.89 0.089 0.26 0.63 0.68 0.21 0.75 0.66 0.98 0.35 0.29 0.83 0.033 0.73 0.91 0.56 0.54 0.69 0.7 0.62 0.53 0.75 0.9 0.58 0.99 0.28 0.81 0.62 0.66 0.78 0.32 0.57 0.95 0.76 0.16 0.86 0.28 0.3 0.49 0.29 0.88 0.36 0.06 0.22 0.32 0.72 0.54 0.21 0.82 0.77 0.21 0.53 0.58 0.0012 0.63 0.84 0.24 0.45 0.49 0.2 0.65 0.84 0.26 0.78 0.042 0.74 0.83 0.58 0.94 0.55 0.76 0.31 0.65 0.49 0.28 0.9 0.89 0.52 0.83 0.67 0.28 0.34 0.078 0.8 0.26 0.32 0.28 0.91 0.27 0.65 0.99 0.56 0.55 0.41 0.85 0.44 0.6 0.0066 0.66 0.93 0.55 0.5 0.18 0.1 0.49 0.42 0.15 0.5 0.024 0.52 0.85 0.97 0.12 0.074 0.58 0.85 0.49 0.21 0.63 0.73 0.53 0.76 0.9 0.18 0.18 0.35 0.82 0.62 0.59 0.91 0.79 0.66 0.067 0.61 0.66 0.15 0.11 0.23 0.64 0.36 0.04 0.013 0.95 0.29 0.069 0.029 0.76 0.81 0.22 0.052 0.74 0.37 0.011 0.088 0.6 0.2 0.36 0.39 0.17 0.59 0.5 0.22 0.17 0.21 0.44 0.21 0.41 0.14 0.76 0.43 0.52 0.42 0.29 0.2 0.79 0.96 0.39 0.68 0.46 0.41 0.42 0.16
0.83 0.15 0.57 0.25 0.56 0.39 0.61 0.44 0.95 0.54 0.84 0.61 0.68 0.73 0.39 0.65 0.1 0.26 0.94 0.016 0.15 0.64 0.57 0.37 0.63 0.72 0.44 0.89 0.54 0.26 0.12 0 0.94 0.097 0.22 0.32 0.24 0.41 0.96 0.19 0.17 0.76 0.36 0.12 0.52 0.66 0.67 0.56 0.9 0.89 0.23 0.92 0.33 0.32 0.15 0.2 0.28 0.45 0.86 0.91 0.28 0.073 0.12 0.75 0.84 0.3 0.22 0.57 0.75 0.26 0.87 0.32 0.38 0.68 0.72 0.19 0.34 0.75 0.78 0.84 0.88 0.37 0.83 1 0.4 0.34 0.03 0.019 0.62 0.42 0.81 1 0.62 0.87 0.36 0.93 0.35 0.53 0.57 0.35 0.84 0.86 0.023 0.25 0.66 0.08 0.67 0.41 0.93 0.87 0.85 0.12 0.4 0.72 0.41 0.39 0.82 0.41 0.38 0.58 0.3 0.66 0.097 0.64 0.65 0.52 0.2 0.72 0.64 0.51 0.4 0.57 0.0041 0.98 0.37 0.35 0.12 0.84 0.82 0.18 0.34 0.085 0.95 0.36 0.77 0.24 0.33 0.21 0.49 0.12 0.67 0.72 0.077 0.13 0.098 0.93 0.34 0.41 0.77 0.066 0.17 0.11 0.34 0.57 0.53 0.034 0.91 0.9 0.16 0.98 0.34 0.31 0.42 0.099 0.2 0.45 0.59 0.36 0.52 0.99 0.076 0.72 0.4 0.17 0.0041 0.93 0.73 0.38 0.41 0.58 0.2 0.79 0.69 0.35 0.57 0.062 0.47 0.099 0.66 0.086 0.49 0.71 0.89 1 0.8 0.28 0.77 0.18 0.75 0.7 0.4 0.67 0.017 0.12 0.11 0.56 0.41 0.35 0.44 0.9 0.39 0.71 0.65 0.65 0.22 0.41 0.79 0.19 0.66 0.91 0.67 0.011 0.059 0.36 0.69 0.85 0.89 0.64 0.84 0.25 0.4 0.0093 0.95 0.58 0.55 0.88 0.38 0.46 0.89 0.8
